C:\Users\ASUS\miniconda3\envs\tes-conda-env-1\python.exe C:\Users\ASUS\MY_FOLDER\WORKDIR\tes-conda-env-1\section1.py 

============================================================
Section 1 - Loading & Displaying Well Data
============================================================
       DEPTH         GR          DT      RHOB      DRHO      NPHI
0  4609.8008  89.059479 -999.000000  2.483700  0.018494  0.129119
1  4609.9008  90.721848 -999.000000  2.489308  0.013656  0.108034
2  4610.0008  90.709061 -999.000000  2.501088  0.011289  0.085650
3  4610.1008  89.568954   66.223099  2.515450  0.008615  0.070332
4  4610.2008  88.169571   66.705551  2.530982  0.005628  0.065343
             DEPTH           GR  ...         DRHO         NPHI
count  1921.000000  1921.000000  ...  1921.000000  1921.000000
mean   4705.800425    67.543849  ...     0.020477     0.114056
std      55.468658    31.455753  ...     0.045450     0.039322
min    4609.800800    19.605911  ...    -0.132031     0.033476
25%    4657.800600    38.902794  ...    -0.012742     0.092152
50%    4705.800400    63.487732  ...     0.006896     0.111190
75%    4753.800200    95.923019  ...     0.054896     0.128894
max    4801.800000   137.462921  ...     0.134148     0.417384

[8 rows x 6 columns]
             DEPTH           GR  ...         DRHO         NPHI
count  1921.000000  1921.000000  ...  1921.000000  1921.000000
mean   4705.800425    67.543849  ...     0.020477     0.114056
std      55.468658    31.455753  ...     0.045450     0.039322
min    4609.800800    19.605911  ...    -0.132031     0.033476
25%    4657.800600    38.902794  ...    -0.012742     0.092152
50%    4705.800400    63.487732  ...     0.006896     0.111190
75%    4753.800200    95.923019  ...     0.054896     0.128894
max    4801.800000   137.462921  ...     0.134148     0.417384

[8 rows x 6 columns]
       DEPTH         GR         DT      RHOB      DRHO      NPHI
0  4609.8008  89.059479        NaN  2.483700  0.018494  0.129119
1  4609.9008  90.721848        NaN  2.489308  0.013656  0.108034
2  4610.0008  90.709061        NaN  2.501088  0.011289  0.085650
3  4610.1008  89.568954  66.223099  2.515450  0.008615  0.070332
4  4610.2008  88.169571  66.705551  2.530982  0.005628  0.065343
        DEPTH          GR         DT      RHOB      DRHO      NPHI
0   4609.8008   89.059479        NaN  2.483700  0.018494  0.129119
1   4609.9008   90.721848        NaN  2.489308  0.013656  0.108034
2   4610.0008   90.709061        NaN  2.501088  0.011289  0.085650
3   4610.1008   89.568954  66.223099  2.515450  0.008615  0.070332
4   4610.2008   88.169571  66.705551  2.530982  0.005628  0.065343
5   4610.3008   86.943130  67.237823  2.543377  0.001724  0.066881
6   4610.4008   86.172943  67.531052  2.550319 -0.002829  0.067540
7   4610.5008   86.267899  68.183243  2.555398 -0.006574  0.065946
8   4610.6008   87.750702  68.546539  2.564067 -0.008947  0.063870
9   4610.7008   90.922546  68.219681  2.578216 -0.010293  0.063689
10  4610.8008   96.706329  68.100571  2.594251 -0.010780  0.065422
11  4610.9008  103.944885  67.189743  2.609079 -0.010619  0.066976
12  4611.0008  110.541641  65.228973  2.620780 -0.010406  0.067302
13  4611.1008  114.522415  65.447815  2.625953 -0.011523  0.069457
14  4611.2008  114.972168  66.802185  2.627867 -0.013730  0.072726
15  4611.3008  112.531113  67.011368  2.630867 -0.016134  0.074935
16  4611.4008  107.224686  66.704330  2.632452 -0.018843  0.074907
17  4611.5008  100.468719  66.549988  2.631668 -0.021676  0.072669
18  4611.6008   93.338989  66.679886  2.629122 -0.024517  0.069173
19  4611.7008   86.763000  66.032547  2.625657 -0.027334  0.067728
  -> saved output\s01_gr_vs_depth.jpg
  -> saved output\s01_nphi_vs_rhob.jpg
  -> saved output\s01_nphi_vs_rhob_gr.jpg
  -> saved output\s01_gr_hist.jpg
  -> saved output\s01_gr_kde.jpg

Done. JPGs are in the output folder.

Process finished with exit code 0
